0.048876
0.003803
0.017837
0.000071
0.001331
0.023577
0.014966
0.024744
0.038994
0.001999
0.146005
0.000311
0.001298
0.000003
0.007260
0.014207
0.013744
0.001868
0.000192
0.038574
0.037149
0.037888
0.002034
0.019705
0.002879
0.015037
0.014398
0.052779
0.000002
0.018222
0.000043
0.016021
0.009573
0.051237
0.027201
0.367873
0.000000
0.027389
0.047961
0.033194
0.103338
0.000120
0.010653
0.000028
0.000005
0.019879
0.056323
0.000004
0.002130
0.000015
0.008937
0.000289
0.009074
0.000002
0.000001
0.066344
0.004072
0.038838
0.024628
0.030723
0.030811
0.000009
0.074748
0.000003
0.022602
0.000122
0.000630
0.189917
0.011887
0.000001
0.024852
0.006633
0.000094
0.000008
0.000935
0.033473
0.034928
0.000317
0.028772
0.031127
0.001862
0.003028
0.000021
0.000889
0.000000
0.005085
0.000001
0.237511
0.129266
0.000030
0.006015
0.026701
0.003421
0.000333
0.001250
0.047160
0.001763
0.000001
0.003294
0.000025
